313 3433 74.196436
313 3970 87.458195
313 4188 85.40498
313 4606 77.643401
313 9716 95.099335
313 10781 74.559841
344 8055 31.724633
591 590 0.832414
591 592 19.400777
591 593 2.551536
592 594 21.671933
593 12563 23.112201
594 14451 36.105955
594 14948 34.678238
589 590 2.318774
589 12132 128.810241
589 12563 27.203629
589 14451 37.037247
789 2041 6.554454
789 11923 45.161416
830 8170 39.826565
830 11016 17.144472
830 11816 47.576769
869 8618 43.966265
869 14480 67.479553
884 3405 36.384584
884 11677 129.840825
1049 3411 37.584552
1049 8329 18.081791
1049 9836 84.430654
1074 11677 27.861798
1348 313 15.427606
1348 5129 96.818277
1382 14447 12.915477
1390 8226 24.080948
1390 8227 22.992318
1456 7587 67.861255
1563 3411 17.056612
1563 8329 33.590572
1563 10304 23.202867
1602 4783 17.910692
1663 4698 8.282847
1663 12083 24.554902
1664 344 115.790327
1664 14349 117.8891
1665 14415 14.834905
1666 11926 94.994433
1684 6062 36.21548
1727 7070 30.779753
1727 8730 41.658856
1727 14480 52.520265
1925 4436 29.790954
1925 4954 36.28106
1925 8930 47.944764
1925 9704 30.520116
1925 14349 99.416161
2041 11816 11.026192
2071 14746 30.694991
2072 1664 9.581043
2072 3464 72.334108
2073 2770 126.45763
2077 7105 37.82265
2317 8318 46.78448
2317 11763 17.990582
2501 3516 17.7714
2521 884 37.613846
2522 1684 99.348953
2523 8336 15.658351
2523 11114 82.549846
2523 11934 8.846516
2528 7098 32.245553
2528 14417 15.232812
2552 3970 176.588664
2552 4763 157.815443
2552 7680 56.041469
2552 8631 30.464681
2623 7246 9.034644
2622 4955 30.945839
2622 12820 38.669048
2634 11136 30.015742
2634 13850 67.012456
2634 14451 130.441573
2634 14480 49.747644
2634 14551 10.623547
2683 8618 15.811926
2683 9163 45.210401
2683 13430 14.772462
2691 313 96.908627
2704 9049 72.027917
2704 11236 36.465077
2732 8796 40.745496
2770 10673 52.304951
3149 11872 73.246179
3149 13309 23.06471
3181 7484 13.852987
3181 8336 72.840294
3181 14062 44.596224
3405 2704 27.25667
3405 11830 27.591964
3411 10821 11.992956
3411 12757 30.318901
3433 10262 73.222355
3464 11872 81.296058
3516 7587 26.180373
3516 10314 75.066904
3516 10495 25.128919
3516 11114 49.251302
3516 12083 111.461512
3568 6061 98.307126
3568 8329 29.527607
3568 9716 89.952163
3812 1925 31.47324
3970 869 93.217767
4188 8941 47.746957
4436 2770 14.739233
4436 11814 52.170744
4606 11417 101.183933
4656 7029 20.24516
4698 1666 20.19056
4698 9216 21.564054
4748 5335 32.925622
4748 11016 35.822596
4763 7844 25.598623
4763 9836 60.990907
4763 10026 83.9826
4783 589 110.374256
4956 1925 37.61338
4956 3812 12.173228
4956 7983 57.551974
4954 1925 36.28106
4954 8930 27.479723
4954 11520 73.868108
4954 11838 59.591879
4954 12082 71.562857
5129 3568 86.80382
5129 8059 109.631114
5129 11733 53.803332
5335 4748 32.925622
5335 7484 26.1183
5335 13062 65.880873
6063 6062 0.532287
6063 6937 48.55701
6063 8453 40.897993
6063 12255 24.813981
6063 13017 23.409864
6061 6062 9.757524
6061 8329 125.346928
6061 9158 66.217565
6061 9163 91.439189
6061 9716 22.412502
6061 11526 12.004148
6061 11763 74.343516
6061 11810 89.084843
6061 13421 105.245694
6110 1390 119.519445
6110 8226 134.642475
6146 830 23.706305
6146 2041 44.974741
6252 2552 92.550688
6252 10781 63.608529
6567 11520 22.894393
6758 7571 44.379171
6758 12787 7.77708
7029 13239 14.55459
7070 9623 92.062671
7070 9994 84.342723
7070 11283 9.874647
7070 12563 104.89024
7098 7983 38.404753
7105 8895 25.088593
7246 12820 31.559971
7405 313 72.988077
7405 8329 88.058479
7405 10781 60.936262
7484 3181 13.852987
7484 5335 26.1183
7484 8170 31.475016
7484 11934 45.34985
7484 12082 151.396181
7571 10782 35.571032
7587 3516 26.180373
7587 8796 45.124762
7587 13284 47.836562
7610 5335 52.470261
7610 7484 34.997479
7610 8170 12.389312
7610 11016 42.006734
7663 7571 145.252287
7680 3568 37.136438
7680 8329 11.192398
7728 2552 82.489967
7728 10781 61.599827
7728 12026 28.123337
7844 4763 25.598623
7973 2552 48.363835
7979 14815 107.349222
7983 4954 59.000045
7983 12082 35.309565
7994 2634 23.168705
8055 14349 50.993166
8059 3516 39.510345
8059 8941 66.286153
8169 9158 11.312631
8169 13421 64.169436
8170 830 39.826565
8170 4748 20.78084
8170 7484 31.475016
8226 2552 69.501807
8226 7728 94.973214
8226 10304 77.079458
8226 12997 16.661974
8318 2317 46.78448
8318 2683 100.067688
8318 12563 25.420077
8329 313 33.660939
8329 1049 18.081791
8329 1563 33.590572
8329 3568 29.527607
8329 6061 125.346928
8329 8631 41.896517
8329 10026 47.186441
8329 10821 42.914817
8329 13421 24.563647
8336 2523 15.658351
8336 2704 29.895529
8336 15001 101.901218
8453 6937 39.748984
8453 12609 36.11518
8618 2683 15.811926
8618 14480 27.763628
8618 14481 27.415579
8631 10247 33.429862
8730 1727 41.658856
8730 13850 70.118658
8796 2732 40.745496
8796 7587 45.124762
8895 2552 44.662272
8895 10781 39.303186
8930 6758 87.224243
8930 12083 63.625066
8941 10970 28.805762
9023 2522 53.199639
9023 8329 59.18857
9158 6061 66.217565
9158 8169 11.312631
9158 9836 34.376611
9158 12609 41.562461
9163 2683 45.210401
9163 6061 91.439189
9216 1664 38.577587
9216 2072 35.316081
9216 2073 28.840836
9216 7029 58.132493
9623 11526 95.659941
9704 4955 27.884262
9716 1602 71.624568
9716 5129 28.578734
9836 1049 84.430654
9836 4763 60.990907
9836 9158 34.376611
9994 5129 84.544865
10026 4763 83.9826
10026 8329 47.186441
10123 2623 49.731647
10123 6758 19.782083
10248 1348 21.395503
10248 10247 1.362938
10248 10446 14.836194
10248 10657 23.037734
10248 13263 50.707714
10262 3516 20.800732
10262 11114 63.207864
10289 1390 131.225513
10304 1563 23.202867
10304 2552 10.082933
10304 8226 77.079458
10314 8336 26.206359
10495 3516 25.128919
10495 11417 31.57422
10657 8169 76.508541
10657 14890 12.522948
10673 8055 35.88282
10673 12543 91.830315
10688 14480 46.931875
10700 12271 52.888268
10768 2523 63.265273
10768 11934 64.119262
10782 10781 37.04071
10781 313 74.559841
10781 1563 42.535716
10781 7680 51.429276
10781 8631 23.352331
10821 8226 95.568228
10821 10304 23.604855
10880 9049 45.403907
10970 14415 19.43334
11016 4748 35.822596
11016 7098 42.784244
11016 14417 36.442008
11116 2501 30.304556
11116 11115 1.994512
11116 11117 23.145214
11117 4656 119.152079
11117 7610 59.551967
11117 11116 23.145214
11117 11118 42.609493
11117 11677 67.414571
11118 830 14.873643
11118 12083 78.320683
11118 14417 37.129403
11114 10970 81.197318
11114 11923 5.16704
11114 14479 38.164435
11136 7070 36.144651
11136 12132 4.935236
11226 7610 60.217564
11236 11886 35.02812
11283 12563 99.352735
11283 13855 87.522169
11417 10495 31.57422
11417 14492 17.795254
11520 14479 55.552724
11526 6061 12.004148
11526 9158 56.628303
11526 12609 62.571457
11677 1662 48.142631
11677 11117 67.414571
11712 12820 22.936637
11733 313 33.494853
11763 2317 17.990582
11763 6061 74.343516
11810 8329 37.058018
11814 7246 43.137693
11814 12026 66.796523
11816 830 47.576769
11816 2528 7.392528
11830 1382 13.913416
11830 10880 64.991717
11838 344 25.769503
11838 12543 40.47134
11855 1662 22.19253
11872 8226 73.203152
11872 13309 59.315289
11886 11954 64.64934
11886 12789 29.69449
11923 6146 15.039892
11923 11830 58.707969
11926 3405 29.834265
11934 2523 8.846516
11934 7484 45.34985
11934 7610 42.564212
11934 14447 29.066402
11955 9163 80.470609
11955 9994 68.51381
11955 12271 25.004165
11954 2634 66.888177
11954 8618 30.533085
11954 12271 24.845785
11954 14480 31.588944
12026 6252 12.129841
12026 10123 28.581017
12084 1662 23.464445
12084 2528 31.80105
12084 2622 51.469608
12084 4954 76.70572
12084 12082 5.717528
12084 14479 45.298391
12082 2622 45.765075
12082 11855 46.484195
12082 12083 7.302977
12082 12820 23.696594
12082 14417 50.809076
12132 589 128.810241
12132 2634 34.950972
12132 14480 36.796249
12255 2317 58.079119
12255 5129 71.242449
12255 9163 73.173567
12271 2521 45.84414
12271 11954 24.845785
12271 13284 69.133481
12543 313 202.103857
12543 3149 15.821326
12543 11814 22.621553
12563 589 27.203629
12563 8318 25.420077
12609 9158 41.562461
12609 11526 62.571457
12757 4763 91.501745
12787 12083 82.186061
12789 10688 12.690024
12820 1662 22.082647
13017 9716 27.701758
13062 12082 87.039689
13062 14479 60.360423
13239 7405 34.217205
13263 8227 83.000603
13284 7587 47.836562
13284 12271 69.133481
13309 11872 59.315289
13309 14349 15.867322
13421 1049 9.644332
13421 8169 64.169436
13421 8329 24.563647
13430 12271 38.860298
13850 8618 33.071495
13855 14480 104.172437
14062 3181 44.596224
14349 1665 117.939397
14349 1925 99.416161
14349 2077 56.359705
14349 7728 84.976802
14349 12543 26.709937
14349 13309 15.867322
14415 11712 13.389041
14415 11855 17.561322
14417 830 31.059236
14417 2528 15.232812
14417 11016 36.442008
14447 6146 49.098157
14447 7610 24.432522
14451 590 35.697939
14451 8730 27.148285
14479 11115 37.497773
14479 12082 50.926883
14482 2634 46.588685
14482 8730 92.638675
14482 10700 16.306115
14482 11955 33.978454
14480 1727 52.520265
14480 2634 49.747644
14480 8618 27.763628
14480 11283 26.783652
14480 11954 31.588944
14480 12132 36.796249
14480 13855 104.172437
14480 14451 108.90513
14492 789 5.527104
14493 11226 38.093194
14493 12082 49.153888
14493 14479 19.247388
14551 2634 10.623547
14746 7246 24.020639
14815 7979 107.349222
14890 10026 32.979077
14921 15001 15.156075
15001 4435 25.978646
15001 10768 39.087076
15001 14920 16.110893
