48 3062 76.702678
48 5765 51.895682
118 7880 28.031395
168 2506 45.006127
223 10857 34.171641
266 2506 100.021076
266 3742 116.386578
266 5810 138.973231
266 14941 53.711802
275 698 31.998099
275 6737 10.110335
306 2615 43.644896
306 8766 148.501771
306 12010 53.414859
313 3433 74.196436
313 3970 87.458195
313 4188 85.40498
313 4606 77.643401
313 9716 95.099335
313 10781 74.559841
344 8055 31.724633
352 697 51.846517
352 11465 31.6692
468 8695 92.788448
468 14464 25.176167
496 2065 28.053918
496 3828 130.066786
496 4126 74.58033
496 7054 34.836594
496 8043 76.692945
502 9911 18.903431
502 11401 12.817404
515 2622 91.59557
515 4954 57.976218
520 6699 3.636705
520 7510 138.044814
520 14526 26.75978
530 4701 20.765535
530 9295 10.391014
530 14953 93.283394
577 6089 76.687076
577 8027 35.799431
577 8221 75.1735
577 12413 84.429008
577 12664 83.487651
586 10289 208.894207
586 11813 146.397616
586 14931 33.871448
591 590 0.832414
591 592 19.400777
591 593 2.551536
591 7906 36.744941
591 10127 18.398168
592 594 21.671933
593 12563 23.112201
594 14451 36.105955
594 14948 34.678238
589 590 2.318774
589 1087 103.36908
589 7906 36.76703
589 10127 16.845145
589 11134 95.440671
589 12132 128.810241
589 12563 27.203629
589 14451 37.037247
589 14514 58.273162
638 2381 38.283662
683 1631 182.862923
683 9856 20.253013
683 14526 43.555942
696 7278 27.789781
699 275 31.611724
699 697 10.210486
699 698 0.567186
697 352 51.846517
697 698 9.896735
697 3126 98.380621
697 3407 51.93713
697 4598 35.076586
697 14514 165.78798
766 13509 36.806275
789 2041 6.554454
789 11923 45.161416
792 2098 100.437774
792 8766 47.366088
795 502 64.16686
795 794 1.361068
795 12666 93.665337
830 8170 39.826565
830 11016 17.144472
830 11816 47.576769
833 14504 21.419318
869 8618 43.966265
869 14480 67.479553
884 3405 36.384584
884 11677 129.840825
892 2381 37.407898
927 1631 22.293613
927 6563 28.12537
927 11465 23.605684
937 5523 135.670203
937 11858 17.114209
937 12664 37.300077
988 7883 39.776414
988 13225 36.023008
994 12450 45.963879
994 13504 50.085919
1049 3411 37.584552
1049 8329 18.081791
1049 9836 84.430654
1062 9666 38.538056
1068 10609 14.237297
1074 11677 27.861798
1087 589 103.36908
1087 7070 68.404074
1087 10710 55.4571
1087 12330 34.192547
1087 13850 70.028562
1087 14451 66.331833
1087 14480 84.577192
1184 2538 201.912565
1184 6125 31.812668
1184 8281 75.110468
1184 9457 38.183413
1244 3062 163.507829
1244 10602 83.282173
1244 14462 76.20675
1266 1506 92.353818
1315 8027 78.406828
1321 2556 17.19579
1338 4413 32.257457
1348 313 15.427606
1348 5129 96.818277
1382 14447 12.915477
1390 8226 24.080948
1390 8227 22.992318
1451 2368 28.741661
1456 7587 67.861255
1468 5346 11.861239
1481 5514 18.527151
1481 8323 91.490302
1481 9507 22.003346
1481 10594 38.218845
1503 4979 37.015523
1506 11179 42.195091
1506 11337 35.836233
1506 13130 180.493698
1506 14941 118.981757
1521 2027 104.028148
1521 2939 72.99448
1521 5861 14.884999
1521 7956 66.752171
1563 3411 17.056612
1563 8329 33.590572
1563 10304 23.202867
1574 1244 82.891618
1602 4783 17.910692
1631 683 182.862923
1631 927 22.293613
1631 2098 60.391112
1631 6563 34.593286
1631 7977 35.363103
1631 14410 54.701737
1655 4027 110.976288
1655 13130 150.094804
1663 4698 8.282847
1663 12083 24.554902
1664 344 115.790327
1664 14349 117.8891
1665 14415 14.834905
1666 11926 94.994433
1684 6062 36.21548
1695 1068 42.088789
1695 10868 56.002554
1727 7070 30.779753
1727 8730 41.658856
1727 14480 52.520265
1732 3373 25.2744
1732 5204 8.097094
1732 10793 41.469859
1757 2506 25.902507
1757 5603 12.013061
1836 4533 103.98016
1842 6567 26.330554
1842 7983 37.328163
1921 14521 22.982798
1925 1468 35.95836
1925 4436 29.790954
1925 4954 36.28106
1925 8930 47.944764
1925 9704 30.520116
1925 14349 99.416161
1959 7960 13.132472
1971 9968 34.420972
1971 12390 19.37594
2020 496 113.241349
2020 2065 110.949011
2020 4368 60.307122
2020 10780 30.790522
2020 12737 39.098206
2027 14397 33.34365
2037 1925 37.832317
2037 2071 69.209287
2041 11816 11.026192
2047 1521 74.156333
2047 7039 30.791778
2047 7530 62.255192
2065 496 28.053918
2065 3730 38.668464
2065 3828 132.456411
2065 4603 55.929082
2065 7923 119.19906
2071 14746 30.694991
2072 1664 9.581043
2072 3464 72.334108
2073 2770 126.45763
2077 7105 37.82265
2098 792 100.437774
2098 1315 89.855864
2098 1631 60.391112
2098 6699 81.496958
2098 7513 114.821872
2098 8521 94.354897
2098 13016 55.560031
2098 14899 113.750553
2102 2556 67.141588
2102 7558 73.996988
2102 8833 171.385415
2102 9440 30.953758
2102 12432 89.699217
2151 2706 89.22674
2151 14521 43.453177
2159 9666 39.410771
2185 6996 38.19314
2185 10792 74.396912
2211 5296 30.876797
2211 7917 47.465279
2272 10990 22.623137
2273 2274 27.460308
2273 9457 70.167044
2301 7012 131.255479
2301 10646 53.834391
2301 14920 107.230279
2306 10783 40.328425
2317 8318 46.78448
2317 11763 17.990582
2366 4279 38.095477
2366 7977 34.377053
2368 988 54.015276
2381 8833 53.668697
2381 13750 36.396831
2442 13192 61.350393
2465 586 157.917019
2484 2483 2.242047
2484 11979 37.857299
2484 14949 6.653268
2495 2102 31.557582
2501 3516 17.7714
2506 266 100.021076
2506 1757 25.902507
2506 14462 81.466081
2521 884 37.613846
2522 1684 99.348953
2523 8336 15.658351
2523 11114 82.549846
2523 11934 8.846516
2526 2561 21.616186
2526 14551 11.54028
2528 7098 32.245553
2528 14417 15.232812
2538 3828 75.92435
2538 8788 164.411713
2538 9142 67.399644
2552 3970 176.588664
2552 4763 157.815443
2552 7680 56.041469
2552 8631 30.464681
2556 2102 67.141588
2556 7960 28.780558
2556 10794 53.706001
2556 12432 49.143764
2556 14959 25.379198
2561 2526 21.616186
2561 10802 56.472002
2616 12010 28.784447
2615 2301 87.87612
2615 7389 28.941277
2615 8766 115.642746
2615 10250 44.505772
2615 10802 51.847463
2615 12010 13.239464
2615 14450 19.182027
2623 7246 9.034644
2622 4955 30.945839
2622 12820 38.669048
2634 11136 30.015742
2634 13850 67.012456
2634 14451 130.441573
2634 14480 49.747644
2634 14551 10.623547
2637 306 75.813272
2637 3205 14.398467
2637 3542 45.810375
2683 8618 15.811926
2683 9163 45.210401
2683 13430 14.772462
2691 313 96.908627
2704 9049 72.027917
2704 11236 36.465077
2706 2151 89.22674
2706 5523 67.208376
2706 14526 132.405992
2718 6226 54.027491
2732 8796 40.745496
2756 11147 33.816509
2770 10673 52.304951
2939 1521 72.99448
2939 14941 58.463083
3022 2102 94.658048
3022 2556 79.083012
3022 7558 21.611865
3022 7598 45.54448
3022 8294 62.764471
3022 8833 111.894841
3022 10940 95.482521
3022 14186 74.403398
3062 2020 81.65218
3062 7923 72.481612
3062 12737 88.53327
3108 3126 11.922039
3108 11857 22.965773
3126 697 98.380621
3126 3108 11.922039
3149 11872 73.246179
3149 13309 23.06471
3155 6125 31.99835
3155 9457 36.634979
3155 10989 130.34132
3155 11179 96.889745
3181 7484 13.852987
3181 8336 72.840294
3181 14062 44.596224
3182 4400 12.1773
3198 6125 67.368551
3198 14919 69.214889
3198 14941 131.736737
3205 306 72.33508
3205 2637 14.398467
3205 7994 93.937383
3218 12432 33.268634
3219 10252 39.104917
3219 14515 29.604917
3332 2756 61.851819
3373 1732 25.2744
3405 2704 27.25667
3405 11830 27.591964
3407 697 51.93713
3407 698 56.018884
3407 11134 82.55016
3411 10821 11.992956
3411 12757 30.318901
3433 10262 73.222355
3464 11872 81.296058
3516 7587 26.180373
3516 10314 75.066904
3516 10495 25.128919
3516 11114 49.251302
3516 12083 111.461512
3539 3022 114.246108
3542 306 35.653447
3542 12900 26.795817
3568 6061 98.307126
3568 8329 29.527607
3568 9716 89.952163
3730 2065 38.668464
3730 8043 44.106563
3730 14757 23.754322
3755 6855 112.575518
3755 11813 62.193333
3755 12609 24.957821
3755 13855 141.484596
3812 1925 31.47324
3819 1068 92.343287
3819 4533 29.796254
3819 12450 62.816444
3828 496 130.066786
3828 2020 27.965514
3828 5673 68.793342
3828 8471 69.351496
3828 11403 47.835675
3837 13225 23.745628
3845 14130 32.390582
3848 12607 68.115992
3970 869 93.217767
4027 6910 39.133203
4126 4766 24.817114
4162 4598 16.788559
4162 13791 49.900815
4188 8941 47.746957
4204 8023 33.536257
4208 14521 25.345383
4279 13312 28.076748
4279 14775 35.745289
4368 2020 60.307122
4368 2065 56.150304
4368 12356 48.978053
4401 4400 2.367032
4401 9569 63.987282
4401 12681 7.119142
4401 14757 64.711782
4414 4413 1.066712
4414 9968 23.885839
4427 2615 61.250224
4427 14469 16.701062
4435 2637 65.89315
4436 2770 14.739233
4436 11814 52.170744
4451 1695 46.390748
4451 4533 9.17508
4451 5861 29.223736
4533 2027 62.156384
4533 3819 29.796254
4533 4451 9.17508
4573 14742 40.726622
4598 697 35.076586
4598 698 25.914466
4598 4162 16.788559
4603 2065 55.929082
4606 11417 101.183933
4611 11175 24.904476
4656 7029 20.24516
4677 3022 81.603098
4677 13995 60.820838
4692 766 34.694392
4692 7765 131.818353
4692 12376 75.723061
4698 1666 20.19056
4698 9216 21.564054
4701 530 20.765535
4701 5514 86.862235
4716 4715 2.529368
4716 8027 103.144227
4716 8221 66.252361
4716 11465 86.765308
4716 14410 26.538438
4714 2098 112.335253
4714 4715 15.887478
4714 14410 39.471092
4725 9859 32.408172
4725 11399 34.662299
4748 1503 68.576368
4748 5335 32.925622
4748 11016 35.822596
4763 2465 20.044222
4763 7844 25.598623
4763 8415 18.561511
4763 9836 60.990907
4763 10026 83.9826
4766 5101 29.900973
4766 9179 17.526093
4783 589 110.374256
4723 6131 54.836064
4956 1925 37.61338
4956 3812 12.173228
4956 7983 57.551974
4956 9859 42.8375
4979 1062 25.067028
4954 1925 36.28106
4954 8930 27.479723
4954 11520 73.868108
4954 11838 59.591879
4954 12082 71.562857
5101 4400 10.018891
5119 14941 60.815598
5129 3568 86.80382
5129 8059 109.631114
5129 11733 53.803332
5204 1732 8.097094
5204 10793 33.372768
5204 10794 27.486894
5296 6131 50.564795
5296 13130 54.624948
5335 4748 32.925622
5335 7484 26.1183
5335 10783 20.320296
5335 13062 65.880873
5335 13509 43.897537
5346 4955 14.069183
5466 10853 119.680665
5514 1481 18.527151
5514 4701 86.862235
5523 2706 67.208376
5523 9856 112.723665
5523 10268 54.785739
5523 11735 58.865726
5523 12664 133.317511
5603 1757 12.013061
5639 7663 68.396343
5673 397 10.761699
5765 4573 40.737497
5774 3198 40.503821
5810 10775 52.296967
5861 1068 96.402413
5861 1521 14.884999
5861 4451 29.223736
6063 6062 0.532287
6063 6937 48.55701
6063 8453 40.897993
6063 12255 24.813981
6063 13017 23.409864
6061 6062 9.757524
6061 8329 125.346928
6061 9158 66.217565
6061 9163 91.439189
6061 9716 22.412502
6061 11526 12.004148
6061 11763 74.343516
6061 11810 89.084843
6061 13421 105.245694
6090 577 74.095018
6090 6089 3.072597
6090 8595 58.329574
6090 9911 82.897502
6110 1390 119.519445
6110 8226 134.642475
6125 3332 19.550422
6125 13130 49.179643
6131 8499 68.346067
6136 1468 40.857061
6136 10792 31.492152
6146 830 23.706305
6146 2041 44.974741
6226 10792 46.813064
6226 11979 6.238702
6252 2552 92.550688
6252 10781 63.608529
6508 12900 45.798254
6563 1631 34.593286
6563 2366 35.096162
6567 11520 22.894393
6699 520 3.636705
6699 2098 81.496958
6699 7977 139.779993
6737 275 10.110335
6737 8982 80.374266
6758 7571 44.379171
6758 12787 7.77708
6771 13094 30.892129
6800 2047 39.337607
6853 2159 67.395452
6855 3755 112.575518
6855 10853 125.51359
6910 7993 13.366495
6920 2693 47.267361
6920 9824 23.252682
6920 11401 37.357659
6996 2185 38.19314
7012 11534 48.813097
7029 13239 14.55459
7039 2047 30.791778
7039 11617 25.374727
7054 496 34.836594
7054 11566 10.830663
7070 9623 92.062671
7070 9994 84.342723
7070 11283 9.874647
7070 12563 104.89024
7084 6853 56.989171
7084 9541 63.633875
7098 7983 38.404753
7098 9682 94.456137
7105 8895 25.088593
7142 1836 15.880899
7227 8278 17.475987
7227 8595 139.710273
7227 8710 14.758284
7227 10206 136.662301
7227 10428 22.207565
7244 2102 82.499779
7244 3022 121.626067
7244 10793 64.200568
7246 12820 31.559971
7272 3022 48.348838
7272 14504 18.829203
7272 14520 7.880854
7279 2495 35.691223
7279 6771 26.898547
7279 7278 2.464614
7389 8323 37.945966
7389 11918 71.219255
7405 313 72.988077
7405 8329 88.058479
7405 10781 60.936262
7484 3181 13.852987
7484 5335 26.1183
7484 8170 31.475016
7484 11934 45.34985
7484 12082 151.396181
7510 4208 69.107233
7513 2098 114.821872
7513 8221 47.652666
7530 2047 62.255192
7530 12450 92.601637
7536 8493 1.419544
7536 10697 34.374928
7536 11399 74.705053
7558 14504 12.979636
7571 10782 35.571032
7587 3516 26.180373
7587 8796 45.124762
7587 13284 47.836562
7598 3022 45.54448
7598 8294 23.617241
7598 14495 29.032026
7607 7141 6.413655
7610 5335 52.470261
7610 7484 34.997479
7610 8170 12.389312
7610 10783 69.677234
7610 11016 42.006734
7663 7571 145.252287
7680 3568 37.136438
7680 8329 11.192398
7728 2552 82.489967
7728 10781 61.599827
7728 12026 28.123337
7765 10793 64.762683
7785 7243 3.021476
7844 4763 25.598623
7880 11136 23.80111
7884 2272 8.796914
7884 7883 1.460297
7884 12435 7.556978
7884 13225 8.621087
7906 589 36.76703
7906 5466 134.683564
7906 10853 23.279083
7917 5774 21.473153
7923 4573 55.996543
7923 8471 36.554247
7923 10602 166.28684
7923 13888 60.754329
7956 4204 12.755511
7960 2556 28.780558
7960 10735 7.77845
7960 10793 22.96323
7973 2552 48.363835
7974 2037 33.822415
7974 10673 32.15997
7977 1631 35.363103
7977 2366 34.377053
7977 6699 139.779993
7977 14899 65.518739
7979 14815 107.349222
7983 4954 59.000045
7983 5346 64.354337
7983 12082 35.309565
7993 7883 46.549235
7994 2634 23.168705
7994 3205 93.937383
8043 496 76.692945
8043 5101 46.64196
8043 14392 46.800123
8044 10783 37.077151
8044 12607 29.792418
8055 14349 50.993166
8059 3516 39.510345
8059 8941 66.286153
8027 520 96.346257
8027 4715 101.425183
8027 8221 57.442061
8027 9894 18.541882
8027 11545 78.144805
8027 11598 71.266558
8027 12664 83.838652
8027 14410 122.056844
8077 11637 60.333387
8169 9158 11.312631
8169 13421 64.169436
8170 830 39.826565
8170 4748 20.78084
8170 7484 31.475016
8199 2538 99.502424
8199 13883 88.756039
8199 14947 47.228384
8221 4714 53.025721
8221 4715 65.753813
8221 7513 47.652666
8221 8027 57.442061
8221 8982 56.018246
8221 10858 23.461905
8221 11349 73.018097
8221 14410 91.793911
8226 2552 69.501807
8226 7728 94.973214
8226 10304 77.079458
8274 118 17.607741
8274 2634 44.374631
8278 7227 17.475987
8278 14392 54.148956
8281 1184 75.110468
8281 11179 86.062553
8281 14941 60.90153
8294 3022 62.764471
8294 7960 29.653614
8294 10793 38.869555
8318 2317 46.78448
8318 2683 100.067688
8318 12563 25.420077
8323 2211 40.98475
8323 10989 23.135414
8323 14295 3.665822
8329 313 33.660939
8329 1049 18.081791
8329 1563 33.590572
8329 3568 29.527607
8329 6061 125.346928
8329 8631 41.896517
8329 10026 47.186441
8329 10821 42.914817
8329 13421 24.563647
8336 2523 15.658351
8336 2704 29.895529
8336 15001 101.901218
8343 8342 2.030009
8341 8221 19.378988
8415 4763 18.561511
8415 14931 151.824015
8453 6937 39.748984
8453 12609 36.11518
8460 5523 65.396733
8471 10779 60.641513
8493 10830 108.079569
8499 2706 31.842166
8499 8460 29.538132
8508 4979 37.830714
8521 1921 63.968024
8521 13131 83.182151
8522 2538 142.283941
8545 1574 10.8312
8545 5119 21.019554
8565 8695 62.037625
8565 12330 36.469494
8595 520 123.15297
8595 11598 27.077098
8595 12407 120.52617
8595 12667 38.472981
8618 2683 15.811926
8618 14480 27.763628
8618 14481 27.415579
8631 10247 33.429862
8695 7880 100.459503
8695 8274 62.002465
8695 8565 62.037625
8695 14450 33.767401
8710 7227 14.758284
8710 9179 35.781496
8710 9911 24.635373
8710 13469 34.07978
8728 11318 35.192917
8728 14462 159.89059
8730 1727 41.658856
8730 2526 119.871109
8730 11134 104.373306
8730 13850 70.118658
8766 792 47.366088
8766 2615 115.642746
8788 2538 164.411713
8788 13130 21.999088
8791 10117 40.687623
8796 2732 40.745496
8796 7587 45.124762
8833 3022 111.894841
8833 7558 116.46784
8833 9554 65.518544
8833 14919 108.733304
8833 14941 138.710534
8860 10940 67.758374
8860 11617 83.070669
8895 2552 44.662272
8895 10781 39.303186
8930 6758 87.224243
8930 12083 63.625066
8941 10970 28.805762
8982 6737 80.374266
8982 8221 56.018246
9008 9162 46.302053
9023 2522 53.199639
9023 8329 59.18857
9049 2637 42.597721
9049 3205 42.280954
9129 2037 25.569231
9142 14227 37.047754
9158 6061 66.217565
9158 8169 11.312631
9158 9836 34.376611
9158 12609 41.562461
9162 1244 27.616548
9163 2683 45.210401
9163 6061 91.439189
9179 5101 46.321496
9179 8710 35.781496
9216 1664 38.577587
9216 2072 35.316081
9216 2073 28.840836
9216 7029 58.132493
9295 530 10.391014
9295 10793 37.988686
9295 10794 43.88666
9398 10940 79.256526
9398 12625 37.466372
9440 696 9.812385
9458 9457 85.562319
9457 1184 38.183413
9457 1655 124.881852
9457 2538 208.947644
9457 3155 36.634979
9457 10279 35.301819
9457 10287 77.69476
9457 13130 44.952826
9457 13192 72.718047
9457 14483 163.068751
9507 12731 55.178138
9541 12376 46.561853
9554 9929 19.380659
9569 5101 72.565711
9569 14392 64.805782
9623 11526 95.659941
9647 11469 73.715634
9666 12545 10.251939
9704 4955 27.884262
9716 1602 71.624568
9716 5129 28.578734
9824 8027 94.547248
9836 1049 84.430654
9836 4763 60.990907
9836 9158 34.376611
9836 11813 82.436134
9856 683 20.253013
9856 11598 17.788657
9856 12664 29.020616
9859 4725 32.408172
9859 4954 39.792146
9864 1727 62.376122
9889 11617 52.175965
9889 14369 35.237016
9896 8833 83.351718
9905 698 25.054412
9911 794 73.640338
9911 6089 82.25327
9911 8710 24.635373
9911 10591 22.002267
9928 6511 10.260038
9928 10792 57.564133
9928 11839 20.721082
9929 3198 27.925369
9929 4027 20.977612
9929 9458 15.551308
9929 14941 124.311975
9968 1971 34.420972
9968 4413 24.083315
9968 12390 15.046467
9968 12802 70.027535
9994 5129 84.544865
10026 4763 83.9826
10026 8329 47.186441
10117 4677 25.350297
10123 2623 49.731647
10123 6758 19.782083
10127 589 16.845145
10127 3219 21.096234
10206 5523 100.25294
10206 10268 138.153774
10206 12664 61.668306
10248 1348 21.395503
10248 10247 1.362938
10248 10446 14.836194
10248 10657 23.037734
10248 13263 50.707714
10250 468 15.08395
10250 7389 30.582049
10252 8318 107.408115
10252 11857 47.910289
10262 3516 20.800732
10262 11114 63.207864
10268 8199 86.348201
10268 12362 41.001217
10268 13130 128.33748
10279 9457 35.301819
10279 11179 98.222905
10287 468 11.45567
10289 1390 131.225513
10304 1563 23.202867
10304 2552 10.082933
10304 8226 77.079458
10314 8336 26.206359
10377 927 67.21296
10377 14410 26.346488
10402 2306 34.190109
10428 7227 22.207565
10441 48 50.462076
10441 14462 26.157544
10495 3516 25.128919
10495 11417 31.57422
10578 11253 255.076523
10578 14815 73.651601
10591 9911 22.002267
10591 10206 86.240015
10591 12664 68.6666
10594 1451 17.222843
10594 2615 67.710626
10597 13504 24.265169
10602 2020 136.028401
10602 7923 166.28684
10602 11337 49.346751
10609 10441 92.955272
10617 10793 57.358745
10626 14392 56.386446
10646 3542 55.802331
10646 10768 78.091259
10656 833 34.543907
10657 8169 76.508541
10657 14890 12.522948
10668 14397 20.672359
10673 8055 35.88282
10673 12543 91.830315
10688 14480 46.931875
10698 2718 43.868391
10698 7536 31.688012
10698 10697 5.182432
10700 12271 52.888268
10710 1087 55.4571
10710 14775 35.762997
10735 3218 15.910018
10735 10793 23.687982
10735 10794 24.063986
10768 2523 63.265273
10768 11934 64.119262
10776 10775 39.384666
10779 11403 28.311988
10780 11403 39.3002
10782 10781 37.04071
10783 3181 30.637859
10783 5335 20.320296
10783 8044 37.077151
10781 313 74.559841
10781 1563 42.535716
10781 7680 51.429276
10781 8631 23.352331
10704 9968 45.008104
10792 515 33.356816
10792 6136 31.492152
10792 9928 57.564133
10792 11979 49.976744
10795 5204 30.718966
10795 10260 5.799908
10795 13505 9.924958
10795 14495 35.605051
10793 2637 210.028445
10793 7084 86.904913
10793 7960 22.96323
10793 8294 38.869555
10793 9295 37.988686
10793 10656 40.418581
10793 10735 23.687982
10793 12953 58.816305
10793 13505 14.474031
10793 14186 57.261721
10802 2561 56.472002
10802 2615 51.847463
10802 2616 25.268674
10821 8226 95.568228
10821 10304 23.604855
10830 1842 21.809186
10830 2622 95.981599
10830 14800 75.686111
10853 6855 125.51359
10853 7906 23.279083
10853 8318 55.500896
10857 3828 80.631664
10857 9647 19.670192
10857 13842 21.965805
10858 8221 23.461905
10858 11349 61.888052
10858 11465 137.515354
10868 168 22.882929
10868 8545 49.0442
10880 2637 86.733716
10880 9049 45.403907
10940 3022 95.482521
10940 8833 61.096513
10940 8860 67.758374
10940 9398 79.256526
10970 14415 19.43334
10990 10989 18.853579
10990 14472 17.480816
10989 1481 73.50782
10989 2615 79.954714
10989 8791 32.601929
10989 11918 75.650636
10989 14469 38.324011
11016 4748 35.822596
11016 7098 42.784244
11016 8508 82.179109
11016 14417 36.442008
11116 2501 30.304556
11116 11115 1.994512
11116 11117 23.145214
11117 4656 119.152079
11117 7610 59.551967
11117 11116 23.145214
11117 11118 42.609493
11117 11677 67.414571
11118 830 14.873643
11118 12083 78.320683
11118 14417 37.129403
11134 589 95.440671
11134 3407 82.55016
11134 8730 104.373306
11134 13305 73.095297
11114 10970 81.197318
11114 11923 5.16704
11114 14479 38.164435
11136 7070 36.144651
11136 12132 4.935236
11147 2615 33.826058
11175 10830 79.447499
11179 223 74.921678
11179 1506 42.195091
11179 1655 61.136724
11179 3155 96.889745
11179 10279 98.222905
11226 7610 60.217564
11236 11886 35.02812
11253 10578 255.076523
11283 12563 99.352735
11283 13855 87.522169
11318 10609 11.86626
11337 1506 35.836233
11337 13304 54.887962
11337 14462 98.967042
11349 8221 73.018097
11349 10377 8.109022
11349 13791 35.514939
11399 4725 34.662299
11399 5639 35.822279
11399 10830 34.409874
11401 937 43.876632
11401 9911 27.670192
11403 1266 31.671285
11403 10857 40.909219
11417 10495 31.57422
11417 14492 17.795254
11465 352 31.6692
11465 927 23.605684
11465 4715 88.21719
11465 13305 53.697015
11465 13791 41.747257
11465 14410 68.788996
11469 11708 80.243112
11520 14479 55.552724
11526 6061 12.004148
11526 9158 56.628303
11526 12609 62.571457
11534 7084 52.073671
11534 12607 42.346422
11534 13505 46.6307
11534 14920 92.739371
11545 6089 28.105755
11566 7054 10.830663
11566 11858 80.781732
11598 12413 17.114295
11617 7039 25.374727
11617 8860 83.070669
11617 9889 52.175965
11617 14868 35.840324
11637 8077 60.333387
11637 12450 92.605076
11677 1662 48.142631
11677 11117 67.414571
11708 13130 23.483747
11712 12820 22.936637
11733 313 33.494853
11735 12362 23.187723
11763 2317 17.990582
11763 6061 74.343516
11810 8329 37.058018
11813 586 146.397616
11813 3755 62.193333
11813 9836 82.436134
11813 12609 69.862215
11814 7246 43.137693
11814 12026 66.796523
11816 830 47.576769
11816 2528 7.392528
11830 1382 13.913416
11830 10880 64.991717
11838 344 25.769503
11838 12543 40.47134
11855 1662 22.19253
11857 14515 37.784471
11858 937 17.114209
11858 11566 80.781732
11858 12665 55.47611
11872 8226 73.203152
11872 13309 59.315289
11886 11954 64.64934
11886 12789 29.69449
11916 6508 43.280519
11918 2301 25.850935
11918 7012 149.41447
11923 6146 15.039892
11923 11830 58.707969
11926 3405 29.834265
11934 2523 8.846516
11934 7484 45.34985
11934 7610 42.564212
11934 14447 29.066402
11955 9163 80.470609
11955 9994 68.51381
11955 12271 25.004165
11954 2634 66.888177
11954 8618 30.533085
11954 12271 24.845785
11954 14480 31.588944
11979 2483 35.953738
11979 10792 49.976744
11979 14949 31.567846
12010 988 49.014653
12026 6252 12.129841
12026 10123 28.581017
12084 1662 23.464445
12084 2528 31.80105
12084 2622 51.469608
12084 4954 76.70572
12084 12082 5.717528
12084 14479 45.298391
12082 2622 45.765075
12082 11855 46.484195
12082 12083 7.302977
12082 12820 23.696594
12082 14417 50.809076
12132 589 128.810241
12132 2634 34.950972
12132 12330 53.559554
12132 14480 36.796249
12255 2317 58.079119
12255 5129 71.242449
12255 9163 73.173567
12271 2521 45.84414
12271 11954 24.845785
12271 13284 69.133481
12330 1087 34.192547
12330 8565 36.469494
12330 12132 53.559554
12330 13994 47.995103
12356 4368 48.978053
12356 7923 98.254825
12362 2442 97.556013
12362 13130 93.025549
12376 12607 57.514173
12390 1971 19.37594
12390 9968 15.046467
12407 5523 38.07377
12413 12666 9.007697
12432 1321 31.947976
12432 2102 89.699217
12432 7243 5.25142
12432 7785 8.136335
12432 13868 8.777806
12432 14504 106.1172
12436 1184 74.360683
12436 2269 21.256754
12435 2273 19.641188
12435 3198 75.523462
12435 12436 13.175861
12450 994 45.963879
12450 3819 62.816444
12450 7530 92.601637
12450 8728 88.901365
12450 10668 48.107561
12450 11637 92.605076
12543 313 202.103857
12543 3149 15.821326
12543 11814 22.621553
12563 589 27.203629
12563 7906 32.160585
12563 8318 25.420077
12607 8044 29.792418
12607 11534 42.346422
12607 14922 40.486222
12609 3755 24.957821
12609 9158 41.562461
12609 11526 62.571457
12609 11813 69.862215
12625 9398 37.466372
12665 11598 12.733518
12667 937 26.396862
12667 6089 75.828894
12667 6920 14.271213
12667 12666 1.861708
12664 794 99.849774
12664 937 37.300077
12664 2693 57.870452
12664 6089 79.336744
12664 8027 83.838652
12664 9856 29.020616
12664 10206 61.668306
12664 10591 68.6666
12664 14182 153.954341
12731 7993 16.282576
12737 4368 31.147361
12737 4381 9.991796
12757 4763 91.501745
12763 12802 33.479645
12787 12083 82.186061
12789 10688 12.690024
12804 4413 39.887391
12804 10402 51.978072
12804 10704 19.306891
12804 12802 20.431141
12804 12803 0.903267
12805 4692 39.443227
12805 12763 29.636952
12806 12805 11.292012
12802 1338 23.969912
12802 7765 99.838961
12802 9541 21.741707
12802 9968 70.027535
12802 10402 66.657407
12802 12803 19.559106
12820 1662 22.082647
12900 1451 37.56524
12900 2615 52.203831
12953 10793 58.816305
13016 2098 55.560031
13016 14410 28.82642
13017 9716 27.701758
13062 12082 87.039689
13062 14479 60.360423
13094 10940 42.828312
13131 2442 21.281025
13130 2442 38.316795
13130 8199 86.908377
13130 8499 84.14541
13130 8788 21.999088
13192 7883 32.043243
13192 13225 33.300091
13226 2615 78.011993
13226 7883 9.069115
13226 14473 10.661158
13226 14475 25.996547
13239 7405 34.217205
13263 8227 83.000603
13284 7587 47.836562
13284 12271 69.133481
13304 14941 80.908558
13305 11134 73.095297
13305 11465 53.697015
13309 11872 59.315289
13309 14349 15.867322
13312 9864 65.591478
13312 14899 36.393551
13421 1049 9.644332
13421 8169 64.169436
13421 8329 24.563647
13430 12271 38.860298
13469 8710 34.07978
13504 994 50.085919
13504 10597 24.265169
13504 10776 68.799598
13505 10793 14.474031
13505 10794 13.430396
13505 11534 46.6307
13509 766 36.806275
13509 5335 43.897537
13750 3845 31.321675
13791 4162 49.900815
13791 11349 35.514939
13791 11465 41.747257
13791 14410 35.021011
13842 14947 92.778625
13850 8618 33.071495
13855 3755 141.484596
13855 14480 104.172437
13868 12432 8.777806
13883 10206 121.408678
13888 5765 34.800263
13995 7598 39.984028
13994 12330 47.995103
14062 3181 44.596224
14062 14922 38.098443
14130 696 17.932536
14182 14227 37.052556
14186 3022 74.403398
14186 5514 98.701458
14186 14922 104.9934
14196 10673 31.417235
14295 7917 26.319265
14295 10989 21.729961
14349 1665 117.939397
14349 1925 99.416161
14349 2077 56.359705
14349 7728 84.976802
14349 12543 26.709937
14349 13309 15.867322
14369 9889 35.237016
14369 14941 48.360676
14392 8043 46.800123
14392 8278 54.148956
14392 9569 64.805782
14392 10626 56.386446
14392 12356 143.611142
14392 14757 64.809041
14397 1695 74.02529
14397 11637 142.058386
14410 927 57.548916
14410 1631 54.701737
14410 4714 39.471092
14410 4715 26.386455
14410 8221 91.793911
14410 10377 26.346488
14410 11598 174.561968
14410 13016 28.82642
14410 13791 35.021011
14415 11712 13.389041
14415 11855 17.561322
14417 830 31.059236
14417 2528 15.232812
14417 11016 36.442008
14447 6146 49.098157
14447 7610 24.432522
14450 2615 19.182027
14450 8695 33.767401
14450 12010 16.428904
14451 590 35.697939
14451 8730 27.148285
14464 2211 20.015296
14464 5296 19.721697
14462 48 35.659273
14462 2506 81.466081
14462 10441 26.157544
14462 11337 98.967042
14469 10594 18.000528
14473 4427 46.42167
14473 10989 34.414803
14474 8695 95.73522
14474 14476 53.553068
14475 4723 20.511309
14475 9457 49.24296
14476 8766 41.991764
14472 14474 37.001475
14479 11115 37.497773
14479 12082 50.926883
14482 1087 81.813819
14482 2634 46.588685
14482 8730 92.638675
14482 10700 16.306115
14482 11955 33.978454
14480 1087 84.577192
14480 1727 52.520265
14480 2634 49.747644
14480 8618 27.763628
14480 11283 26.783652
14480 11954 31.588944
14480 12132 36.796249
14480 13855 104.172437
14480 14451 108.90513
14492 789 5.527104
14493 11226 38.093194
14493 12082 49.153888
14493 14479 19.247388
14495 7598 29.032026
14495 10794 36.757068
14504 638 37.386095
14504 2102 63.858277
14504 7271 19.152435
14504 8833 128.888128
14504 10940 97.138294
14516 3108 60.413205
14516 10252 34.234966
14516 14515 1.589777
14514 589 58.273162
14514 697 165.78798
14520 14959 22.450338
14521 792 89.177579
14521 2151 43.453177
14521 2615 102.266973
14521 3837 68.676563
14521 9457 93.521462
14521 10250 64.164855
14521 14295 98.848411
14521 14464 42.350595
14526 520 26.75978
14526 683 43.555942
14526 8027 79.334791
14551 2526 11.54028
14551 2634 10.623547
14742 4573 40.726622
14746 7246 24.020639
14757 3730 23.754322
14757 7054 80.548449
14757 14392 64.809041
14775 10710 35.762997
14775 14899 28.821607
14815 7979 107.349222
14815 10578 73.651601
14868 11617 35.840324
14890 10026 32.979077
14899 2098 113.750553
14899 7977 65.518739
14899 9905 144.735385
14899 13312 36.393551
14899 14775 28.821607
14919 8281 23.662229
14919 14941 62.521847
14921 7012 57.990969
14921 11916 50.664718
14921 14953 14.675141
14921 15001 15.156075
14922 14062 38.098443
14922 14186 104.9934
14931 586 33.871448
14931 8415 151.824015
14931 10289 189.879407
14941 266 53.711802
14941 852 66.802136
14941 2939 58.463083
14941 8281 60.90153
14941 8833 138.710534
14941 9398 137.169172
14941 9929 124.311975
14941 14369 48.360676
14941 14947 150.489399
14947 3155 66.058263
14947 8199 47.228384
14947 14941 150.489399
14948 11134 66.139805
14953 530 93.283394
14953 3848 24.838829
14953 14920 13.838207
14949 6511 69.867234
14959 833 20.369335
14959 10793 61.896498
14959 10794 65.99421
15001 4435 25.978646
15001 10768 39.087076
15001 14920 16.110893
